### Naturaleza de nodos ############################
param escliente := 0 0 1 1 2 1 3 1 4 1 5 1 6 1 7 1 8 1 9 1 10 1 11 1 12 1 13 1 14 1 15 1 16 1 17 1 18 1 19 1 20 1;
param esdepo := 0 1 1 0 2 0 3 0 4 0 5 0 6 0 7 0 8 0 9 0 10 0 11 0 12 0 13 0 14 0 15 0 16 0 17 0 18 0 19 0 20 0;
param escritico := 0 0 1 1 2 1 3 0 4 1 5 0 6 1 7 0 8 1 9 0 10 1 11 1 12 1 13 1 14 1 15 0 16 1 17 0 18 1 19 1 20 0;

############################
### Tipo de contrato
############################
param esHora := 1 0 2 1 3 0 4 0 5 1 6 0 7 0;
param esF6 := 1 1 2 0 3 0 4 0 5 0 6 1 7 0;
param esF12 := 1 0 2 0 3 1 4 1 5 0 6 0 7 1;

############################
### Capacidades y Costos
############################
param Cap := 1 96 2 110 3 133 4 82 5 129 6 99 7 101;
param CH := 1 146 2 141 3 106 4 157 5 147 6 152 7 120;
param CF6 := 1 253 2 351 3 446 4 415 5 381 6 361 7 425;
param CF12 := 1 487 2 513 3 553 4 520 5 502 6 577 7 563;

############################
### Penalizaciones
############################
param pcmin_c := 10;
param pcmax_c := 15;
param pcmin_nc := 5;
param pcmax_nc := 8;
param preg := 20;
param pant := 0;

############################
### Demandas
############################
param DemE := 0 0 1 20 2 21 3 18 4 16 5 21 6 6 7 25 8 10 9 7 10 20 11 13 12 10 13 15 14 15 15 22 16 17 17 7 18 19 19 17 20 23;
param DemR := 0 0 1 6 2 2 3 0 4 1 5 4 6 0 7 6 8 5 9 2 10 0 11 2 12 1 13 3 14 4 15 4 16 5 17 6 18 0 19 5 20 2;

############################
### Tiempo de servicio
############################
param TS := 0 0 1 0.35 2 0.34 3 0.26 4 0.16 5 0.22 6 0.14 7 0.35 8 0.21 9 0.29 10 0.11 11 0.13 12 0.15 13 0.16 14 0.19 15 0.17 16 0.21 17 0.21 18 0.13 19 0.12 20 0.19;

############################
### Ventanas de tiempo
############################
param MinDC := 0 0 1 6 2 9 3 12 4 9 5 10 6 11 7 6 8 8 9 6 10 10 11 9 12 6 13 11 14 9 15 11 16 11 17 8 18 7 19 6 20 11;
param MaxDC := 0 24 1 8 2 11 3 18 4 11 5 17 6 16 7 10 8 13 9 14 10 14 11 13 12 13 13 14 14 11 15 19 16 14 17 15 18 14 19 14 20 13;

############################
### Distancias (km)
############################
param Dist : 0 1 2 3 4 5 6 7 8 9 10 11 12 13 14 15 16 17 18 19 20 :=
 0 0 35 5 4 11 34 9 3 37 17 4 25 30 15 25 8 17 11 9 36 12
 1 35 0 39 38 31 38 28 32 27 24 31 9 30 21 40 40 43 46 44 24 38
 2 5 39 0 5 12 33 12 8 38 22 9 30 31 18 23 4 14 8 6 38 14
 3 4 38 5 0 15 37 13 6 41 18 7 29 34 19 28 9 19 8 6 40 9
 4 11 31 12 15 0 22 5 12 26 22 10 22 19 11 15 11 12 20 18 26 23
 5 34 38 33 37 22 0 27 34 15 42 33 34 8 28 12 30 23 41 39 17 45
 6 9 28 12 13 5 27 0 8 28 16 6 19 22 7 20 12 17 19 17 28 19
 7 3 32 8 6 12 34 8 0 36 13 2 22 30 12 26 12 20 14 12 35 11
 8 37 27 38 41 26 15 28 36 0 38 35 26 9 25 24 37 33 47 44 3 47
 9 17 24 22 18 22 42 16 13 38 0 14 16 35 14 37 25 32 26 24 36 15
 10 4 31 9 7 10 33 6 2 35 14 0 21 28 11 25 11 19 15 13 33 13
 11 25 9 30 29 22 34 19 22 26 16 21 0 26 12 34 31 35 37 34 24 30
 12 30 30 31 34 19 8 22 30 9 35 28 26 0 21 14 29 24 39 37 11 41
 13 15 21 18 19 11 28 7 12 25 14 11 12 21 0 24 20 23 26 24 24 22
 14 25 40 23 28 15 12 20 26 24 37 25 34 14 24 0 20 11 30 28 25 37
 15 8 40 4 9 11 30 12 12 37 25 11 31 29 20 20 0 10 10 8 37 18
 16 17 43 14 19 12 23 17 20 33 32 19 35 24 23 11 10 0 19 18 33 28
 17 11 46 8 8 20 41 19 14 47 26 15 37 39 26 30 10 19 0 2 46 13
 18 9 44 6 6 18 39 17 12 44 24 13 34 37 24 28 8 18 2 0 44 13
 19 36 24 38 40 26 17 28 35 3 36 33 24 11 24 25 37 33 46 44 0 46
 20 12 38 14 9 23 45 19 11 47 15 13 30 41 22 37 18 28 13 13 46 0
 ;

############################
### Velocidades por franja
############################
param v := 1 25 2 40 3 50 4 40 5 30 6 25 7 35 8 45 9 30 10 20;
param tinic := 1 0 2 2 3 5 4 7 5 10 6 12 7 14 8 17 9 19 10 22;
param tfin := 1 2 2 5 3 7 4 10 5 12 6 14 7 17 8 19 9 22 10 24;

############################
### Tiempo de viaje tvia
############################
param tvia :=
 [*,*,1]: 0 1 2 3 4 5 6 7 8 9 10 11 12 13 14 15 16 17 18 19 20 :=
 0 0 1.4 0.2 0.16 0.44 1.36 0.36 0.12 1.48 0.68 0.16 1 1.2 0.6 1 0.32 0.68 0.44 0.36 1.44 0.48
 1 1.4 0 1.56 1.52 1.24 1.52 1.12 1.28 1.08 0.96 1.24 0.36 1.2 0.84 1.6 1.6 1.72 1.84 1.76 0.96 1.52
 2 0.2 1.56 0 0.2 0.48 1.32 0.48 0.32 1.52 0.88 0.36 1.2 1.24 0.72 0.92 0.16 0.56 0.32 0.24 1.52 0.56
 3 0.16 1.52 0.2 0 0.6 1.48 0.52 0.24 1.64 0.72 0.28 1.16 1.36 0.76 1.12 0.36 0.76 0.32 0.24 1.6 0.36
 4 0.44 1.24 0.48 0.6 0 0.88 0.2 0.48 1.04 0.88 0.4 0.88 0.76 0.44 0.6 0.44 0.48 0.8 0.72 1.04 0.92
 5 1.36 1.52 1.32 1.48 0.88 0 1.08 1.36 0.6 1.68 1.32 1.36 0.32 1.12 0.48 1.2 0.92 1.64 1.56 0.68 1.8
 6 0.36 1.12 0.48 0.52 0.2 1.08 0 0.32 1.12 0.64 0.24 0.76 0.88 0.28 0.8 0.48 0.68 0.76 0.68 1.12 0.76
 7 0.12 1.28 0.32 0.24 0.48 1.36 0.32 0 1.44 0.52 0.08 0.88 1.2 0.48 1.04 0.48 0.8 0.56 0.48 1.4 0.44
 8 1.48 1.08 1.52 1.64 1.04 0.6 1.12 1.44 0 1.52 1.4 1.04 0.36 1 0.96 1.48 1.32 1.88 1.76 0.12 1.88
 9 0.68 0.96 0.88 0.72 0.88 1.68 0.64 0.52 1.52 0 0.56 0.64 1.4 0.56 1.48 1 1.28 1.04 0.96 1.44 0.6
 10 0.16 1.24 0.36 0.28 0.4 1.32 0.24 0.08 1.4 0.56 0 0.84 1.12 0.44 1 0.44 0.76 0.6 0.52 1.32 0.52
 11 1 0.36 1.2 1.16 0.88 1.36 0.76 0.88 1.04 0.64 0.84 0 1.04 0.48 1.36 1.24 1.4 1.48 1.36 0.96 1.2
 12 1.2 1.2 1.24 1.36 0.76 0.32 0.88 1.2 0.36 1.4 1.12 1.04 0 0.84 0.56 1.16 0.96 1.56 1.48 0.44 1.64
 13 0.6 0.84 0.72 0.76 0.44 1.12 0.28 0.48 1 0.56 0.44 0.48 0.84 0 0.96 0.8 0.92 1.04 0.96 0.96 0.88
 14 1 1.6 0.92 1.12 0.6 0.48 0.8 1.04 0.96 1.48 1 1.36 0.56 0.96 0 0.8 0.44 1.2 1.12 1 1.48
 15 0.32 1.6 0.16 0.36 0.44 1.2 0.48 0.48 1.48 1 0.44 1.24 1.16 0.8 0.8 0 0.4 0.4 0.32 1.48 0.72
 16 0.68 1.72 0.56 0.76 0.48 0.92 0.68 0.8 1.32 1.28 0.76 1.4 0.96 0.92 0.44 0.4 0 0.76 0.72 1.32 1.12
 17 0.44 1.84 0.32 0.32 0.8 1.64 0.76 0.56 1.88 1.04 0.6 1.48 1.56 1.04 1.2 0.4 0.76 0 0.08 1.84 0.52
 18 0.36 1.76 0.24 0.24 0.72 1.56 0.68 0.48 1.76 0.96 0.52 1.36 1.48 0.96 1.12 0.32 0.72 0.08 0 1.76 0.52
 19 1.44 0.96 1.52 1.6 1.04 0.68 1.12 1.4 0.12 1.44 1.32 0.96 0.44 0.96 1 1.48 1.32 1.84 1.76 0 1.84
 20 0.48 1.52 0.56 0.36 0.92 1.8 0.76 0.44 1.88 0.6 0.52 1.2 1.64 0.88 1.48 0.72 1.12 0.52 0.52 1.84 0
 [*,*,2]: 0 1 2 3 4 5 6 7 8 9 10 11 12 13 14 15 16 17 18 19 20 :=
 0 0 0.875 0.125 0.1 0.275 0.85 0.225 0.075 0.925 0.425 0.1 0.625 0.75 0.375 0.625 0.2 0.425 0.275 0.225 0.9 0.3
 1 0.875 0 0.975 0.95 0.775 0.95 0.7 0.8 0.675 0.6 0.775 0.225 0.75 0.525 1 1 1.075 1.15 1.1 0.6 0.95
 2 0.125 0.975 0 0.125 0.3 0.825 0.3 0.2 0.95 0.55 0.225 0.75 0.775 0.45 0.575 0.1 0.35 0.2 0.15 0.95 0.35
 3 0.1 0.95 0.125 0 0.375 0.925 0.325 0.15 1.025 0.45 0.175 0.725 0.85 0.475 0.7 0.225 0.475 0.2 0.15 1 0.225
 4 0.275 0.775 0.3 0.375 0 0.55 0.125 0.3 0.65 0.55 0.25 0.55 0.475 0.275 0.375 0.275 0.3 0.5 0.45 0.65 0.575
 5 0.85 0.95 0.825 0.925 0.55 0 0.675 0.85 0.375 1.05 0.825 0.85 0.2 0.7 0.3 0.75 0.575 1.025 0.975 0.425 1.125
 6 0.225 0.7 0.3 0.325 0.125 0.675 0 0.2 0.7 0.4 0.15 0.475 0.55 0.175 0.5 0.3 0.425 0.475 0.425 0.7 0.475
 7 0.075 0.8 0.2 0.15 0.3 0.85 0.2 0 0.9 0.325 0.05 0.55 0.75 0.3 0.65 0.3 0.5 0.35 0.3 0.875 0.275
 8 0.925 0.675 0.95 1.025 0.65 0.375 0.7 0.9 0 0.95 0.875 0.65 0.225 0.625 0.6 0.925 0.825 1.175 1.1 0.075 1.175
 9 0.425 0.6 0.55 0.45 0.55 1.05 0.4 0.325 0.95 0 0.35 0.4 0.875 0.35 0.925 0.625 0.8 0.65 0.6 0.9 0.375
 10 0.1 0.775 0.225 0.175 0.25 0.825 0.15 0.05 0.875 0.35 0 0.525 0.7 0.275 0.625 0.275 0.475 0.375 0.325 0.825 0.325
 11 0.625 0.225 0.75 0.725 0.55 0.85 0.475 0.55 0.65 0.4 0.525 0 0.65 0.3 0.85 0.775 0.875 0.925 0.85 0.6 0.75
 12 0.75 0.75 0.775 0.85 0.475 0.2 0.55 0.75 0.225 0.875 0.7 0.65 0 0.525 0.35 0.725 0.6 0.975 0.925 0.275 1.025
 13 0.375 0.525 0.45 0.475 0.275 0.7 0.175 0.3 0.625 0.35 0.275 0.3 0.525 0 0.6 0.5 0.575 0.65 0.6 0.6 0.55
 14 0.625 1 0.575 0.7 0.375 0.3 0.5 0.65 0.6 0.925 0.625 0.85 0.35 0.6 0 0.5 0.275 0.75 0.7 0.625 0.925
 15 0.2 1 0.1 0.225 0.275 0.75 0.3 0.3 0.925 0.625 0.275 0.775 0.725 0.5 0.5 0 0.25 0.25 0.2 0.925 0.45
 16 0.425 1.075 0.35 0.475 0.3 0.575 0.425 0.5 0.825 0.8 0.475 0.875 0.6 0.575 0.275 0.25 0 0.475 0.45 0.825 0.7
 17 0.275 1.15 0.2 0.2 0.5 1.025 0.475 0.35 1.175 0.65 0.375 0.925 0.975 0.65 0.75 0.25 0.475 0 0.05 1.15 0.325
 18 0.225 1.1 0.15 0.15 0.45 0.975 0.425 0.3 1.1 0.6 0.325 0.85 0.925 0.6 0.7 0.2 0.45 0.05 0 1.1 0.325
 19 0.9 0.6 0.95 1 0.65 0.425 0.7 0.875 0.075 0.9 0.825 0.6 0.275 0.6 0.625 0.925 0.825 1.15 1.1 0 1.15
 20 0.3 0.95 0.35 0.225 0.575 1.125 0.475 0.275 1.175 0.375 0.325 0.75 1.025 0.55 0.925 0.45 0.7 0.325 0.325 1.15 0
 [*,*,3]: 0 1 2 3 4 5 6 7 8 9 10 11 12 13 14 15 16 17 18 19 20 :=
 0 0 0.7 0.1 0.08 0.22 0.68 0.18 0.06 0.74 0.34 0.08 0.5 0.6 0.3 0.5 0.16 0.34 0.22 0.18 0.72 0.24
 1 0.7 0 0.78 0.76 0.62 0.76 0.56 0.64 0.54 0.48 0.62 0.18 0.6 0.42 0.8 0.8 0.86 0.92 0.88 0.48 0.76
 2 0.1 0.78 0 0.1 0.24 0.66 0.24 0.16 0.76 0.44 0.18 0.6 0.62 0.36 0.46 0.08 0.28 0.16 0.12 0.76 0.28
 3 0.08 0.76 0.1 0 0.3 0.74 0.26 0.12 0.82 0.36 0.14 0.58 0.68 0.38 0.56 0.18 0.38 0.16 0.12 0.8 0.18
 4 0.22 0.62 0.24 0.3 0 0.44 0.1 0.24 0.52 0.44 0.2 0.44 0.38 0.22 0.3 0.22 0.24 0.4 0.36 0.52 0.46
 5 0.68 0.76 0.66 0.74 0.44 0 0.54 0.68 0.3 0.84 0.66 0.68 0.16 0.56 0.24 0.6 0.46 0.82 0.78 0.34 0.9
 6 0.18 0.56 0.24 0.26 0.1 0.54 0 0.16 0.56 0.32 0.12 0.38 0.44 0.14 0.4 0.24 0.34 0.38 0.34 0.56 0.38
 7 0.06 0.64 0.16 0.12 0.24 0.68 0.16 0 0.72 0.26 0.04 0.44 0.6 0.24 0.52 0.24 0.4 0.28 0.24 0.7 0.22
 8 0.74 0.54 0.76 0.82 0.52 0.3 0.56 0.72 0 0.76 0.7 0.52 0.18 0.5 0.48 0.74 0.66 0.94 0.88 0.06 0.94
 9 0.34 0.48 0.44 0.36 0.44 0.84 0.32 0.26 0.76 0 0.28 0.32 0.7 0.28 0.74 0.5 0.64 0.52 0.48 0.72 0.3
 10 0.08 0.62 0.18 0.14 0.2 0.66 0.12 0.04 0.7 0.28 0 0.42 0.56 0.22 0.5 0.22 0.38 0.3 0.26 0.66 0.26
 11 0.5 0.18 0.6 0.58 0.44 0.68 0.38 0.44 0.52 0.32 0.42 0 0.52 0.24 0.68 0.62 0.7 0.74 0.68 0.48 0.6
 12 0.6 0.6 0.62 0.68 0.38 0.16 0.44 0.6 0.18 0.7 0.56 0.52 0 0.42 0.28 0.58 0.48 0.78 0.74 0.22 0.82
 13 0.3 0.42 0.36 0.38 0.22 0.56 0.14 0.24 0.5 0.28 0.22 0.24 0.42 0 0.48 0.4 0.46 0.52 0.48 0.48 0.44
 14 0.5 0.8 0.46 0.56 0.3 0.24 0.4 0.52 0.48 0.74 0.5 0.68 0.28 0.48 0 0.4 0.22 0.6 0.56 0.5 0.74
 15 0.16 0.8 0.08 0.18 0.22 0.6 0.24 0.24 0.74 0.5 0.22 0.62 0.58 0.4 0.4 0 0.2 0.2 0.16 0.74 0.36
 16 0.34 0.86 0.28 0.38 0.24 0.46 0.34 0.4 0.66 0.64 0.38 0.7 0.48 0.46 0.22 0.2 0 0.38 0.36 0.66 0.56
 17 0.22 0.92 0.16 0.16 0.4 0.82 0.38 0.28 0.94 0.52 0.3 0.74 0.78 0.52 0.6 0.2 0.38 0 0.04 0.92 0.26
 18 0.18 0.88 0.12 0.12 0.36 0.78 0.34 0.24 0.88 0.48 0.26 0.68 0.74 0.48 0.56 0.16 0.36 0.04 0 0.88 0.26
 19 0.72 0.48 0.76 0.8 0.52 0.34 0.56 0.7 0.06 0.72 0.66 0.48 0.22 0.48 0.5 0.74 0.66 0.92 0.88 0 0.92
 20 0.24 0.76 0.28 0.18 0.46 0.9 0.38 0.22 0.94 0.3 0.26 0.6 0.82 0.44 0.74 0.36 0.56 0.26 0.26 0.92 0
 [*,*,4]: 0 1 2 3 4 5 6 7 8 9 10 11 12 13 14 15 16 17 18 19 20 :=
 0 0 0.875 0.125 0.1 0.275 0.85 0.225 0.075 0.925 0.425 0.1 0.625 0.75 0.375 0.625 0.2 0.425 0.275 0.225 0.9 0.3
 1 0.875 0 0.975 0.95 0.775 0.95 0.7 0.8 0.675 0.6 0.775 0.225 0.75 0.525 1 1 1.075 1.15 1.1 0.6 0.95
 2 0.125 0.975 0 0.125 0.3 0.825 0.3 0.2 0.95 0.55 0.225 0.75 0.775 0.45 0.575 0.1 0.35 0.2 0.15 0.95 0.35
 3 0.1 0.95 0.125 0 0.375 0.925 0.325 0.15 1.025 0.45 0.175 0.725 0.85 0.475 0.7 0.225 0.475 0.2 0.15 1 0.225
 4 0.275 0.775 0.3 0.375 0 0.55 0.125 0.3 0.65 0.55 0.25 0.55 0.475 0.275 0.375 0.275 0.3 0.5 0.45 0.65 0.575
 5 0.85 0.95 0.825 0.925 0.55 0 0.675 0.85 0.375 1.05 0.825 0.85 0.2 0.7 0.3 0.75 0.575 1.025 0.975 0.425 1.125
 6 0.225 0.7 0.3 0.325 0.125 0.675 0 0.2 0.7 0.4 0.15 0.475 0.55 0.175 0.5 0.3 0.425 0.475 0.425 0.7 0.475
 7 0.075 0.8 0.2 0.15 0.3 0.85 0.2 0 0.9 0.325 0.05 0.55 0.75 0.3 0.65 0.3 0.5 0.35 0.3 0.875 0.275
 8 0.925 0.675 0.95 1.025 0.65 0.375 0.7 0.9 0 0.95 0.875 0.65 0.225 0.625 0.6 0.925 0.825 1.175 1.1 0.075 1.175
 9 0.425 0.6 0.55 0.45 0.55 1.05 0.4 0.325 0.95 0 0.35 0.4 0.875 0.35 0.925 0.625 0.8 0.65 0.6 0.9 0.375
 10 0.1 0.775 0.225 0.175 0.25 0.825 0.15 0.05 0.875 0.35 0 0.525 0.7 0.275 0.625 0.275 0.475 0.375 0.325 0.825 0.325
 11 0.625 0.225 0.75 0.725 0.55 0.85 0.475 0.55 0.65 0.4 0.525 0 0.65 0.3 0.85 0.775 0.875 0.925 0.85 0.6 0.75
 12 0.75 0.75 0.775 0.85 0.475 0.2 0.55 0.75 0.225 0.875 0.7 0.65 0 0.525 0.35 0.725 0.6 0.975 0.925 0.275 1.025
 13 0.375 0.525 0.45 0.475 0.275 0.7 0.175 0.3 0.625 0.35 0.275 0.3 0.525 0 0.6 0.5 0.575 0.65 0.6 0.6 0.55
 14 0.625 1 0.575 0.7 0.375 0.3 0.5 0.65 0.6 0.925 0.625 0.85 0.35 0.6 0 0.5 0.275 0.75 0.7 0.625 0.925
 15 0.2 1 0.1 0.225 0.275 0.75 0.3 0.3 0.925 0.625 0.275 0.775 0.725 0.5 0.5 0 0.25 0.25 0.2 0.925 0.45
 16 0.425 1.075 0.35 0.475 0.3 0.575 0.425 0.5 0.825 0.8 0.475 0.875 0.6 0.575 0.275 0.25 0 0.475 0.45 0.825 0.7
 17 0.275 1.15 0.2 0.2 0.5 1.025 0.475 0.35 1.175 0.65 0.375 0.925 0.975 0.65 0.75 0.25 0.475 0 0.05 1.15 0.325
 18 0.225 1.1 0.15 0.15 0.45 0.975 0.425 0.3 1.1 0.6 0.325 0.85 0.925 0.6 0.7 0.2 0.45 0.05 0 1.1 0.325
 19 0.9 0.6 0.95 1 0.65 0.425 0.7 0.875 0.075 0.9 0.825 0.6 0.275 0.6 0.625 0.925 0.825 1.15 1.1 0 1.15
 20 0.3 0.95 0.35 0.225 0.575 1.125 0.475 0.275 1.175 0.375 0.325 0.75 1.025 0.55 0.925 0.45 0.7 0.325 0.325 1.15 0
 [*,*,5]: 0 1 2 3 4 5 6 7 8 9 10 11 12 13 14 15 16 17 18 19 20 :=
 0 0 1.1667 0.1667 0.1333 0.3667 1.1333 0.3 0.1 1.2333 0.5667 0.1333 0.8333 1 0.5 0.8333 0.2667 0.5667 0.3667 0.3 1.2 0.4
 1 1.1667 0 1.3 1.2667 1.0333 1.2667 0.9333 1.0667 0.9 0.8 1.0333 0.3 1 0.7 1.3333 1.3333 1.4333 1.5333 1.4667 0.8 1.2667
 2 0.1667 1.3 0 0.1667 0.4 1.1 0.4 0.2667 1.2667 0.7333 0.3 1 1.0333 0.6 0.7667 0.1333 0.4667 0.2667 0.2 1.2667 0.4667
 3 0.1333 1.2667 0.1667 0 0.5 1.2333 0.4333 0.2 1.3667 0.6 0.2333 0.9667 1.1333 0.6333 0.9333 0.3 0.6333 0.2667 0.2 1.3333 0.3
 4 0.3667 1.0333 0.4 0.5 0 0.7333 0.1667 0.4 0.8667 0.7333 0.3333 0.7333 0.6333 0.3667 0.5 0.3667 0.4 0.6667 0.6 0.8667 0.7667
 5 1.1333 1.2667 1.1 1.2333 0.7333 0 0.9 1.1333 0.5 1.4 1.1 1.1333 0.2667 0.9333 0.4 1 0.7667 1.3667 1.3 0.5667 1.5
 6 0.3 0.9333 0.4 0.4333 0.1667 0.9 0 0.2667 0.9333 0.5333 0.2 0.6333 0.7333 0.2333 0.6667 0.4 0.5667 0.6333 0.5667 0.9333 0.6333
 7 0.1 1.0667 0.2667 0.2 0.4 1.1333 0.2667 0 1.2 0.4333 0.0667 0.7333 1 0.4 0.8667 0.4 0.6667 0.4667 0.4 1.1667 0.3667
 8 1.2333 0.9 1.2667 1.3667 0.8667 0.5 0.9333 1.2 0 1.2667 1.1667 0.8667 0.3 0.8333 0.8 1.2333 1.1 1.5667 1.4667 0.1 1.5667
 9 0.5667 0.8 0.7333 0.6 0.7333 1.4 0.5333 0.4333 1.2667 0 0.4667 0.5333 1.1667 0.4667 1.2333 0.8333 1.0667 0.8667 0.8 1.2 0.5
 10 0.1333 1.0333 0.3 0.2333 0.3333 1.1 0.2 0.0667 1.1667 0.4667 0 0.7 0.9333 0.3667 0.8333 0.3667 0.6333 0.5 0.4333 1.1 0.4333
 11 0.8333 0.3 1 0.9667 0.7333 1.1333 0.6333 0.7333 0.8667 0.5333 0.7 0 0.8667 0.4 1.1333 1.0333 1.1667 1.2333 1.1333 0.8 1
 12 1 1 1.0333 1.1333 0.6333 0.2667 0.7333 1 0.3 1.1667 0.9333 0.8667 0 0.7 0.4667 0.9667 0.8 1.3 1.2333 0.3667 1.3667
 13 0.5 0.7 0.6 0.6333 0.3667 0.9333 0.2333 0.4 0.8333 0.4667 0.3667 0.4 0.7 0 0.8 0.6667 0.7667 0.8667 0.8 0.8 0.7333
 14 0.8333 1.3333 0.7667 0.9333 0.5 0.4 0.6667 0.8667 0.8 1.2333 0.8333 1.1333 0.4667 0.8 0 0.6667 0.3667 1 0.9333 0.8333 1.2333
 15 0.2667 1.3333 0.1333 0.3 0.3667 1 0.4 0.4 1.2333 0.8333 0.3667 1.0333 0.9667 0.6667 0.6667 0 0.3333 0.3333 0.2667 1.2333 0.6
 16 0.5667 1.4333 0.4667 0.6333 0.4 0.7667 0.5667 0.6667 1.1 1.0667 0.6333 1.1667 0.8 0.7667 0.3667 0.3333 0 0.6333 0.6 1.1 0.9333
 17 0.3667 1.5333 0.2667 0.2667 0.6667 1.3667 0.6333 0.4667 1.5667 0.8667 0.5 1.2333 1.3 0.8667 1 0.3333 0.6333 0 0.0667 1.5333 0.4333
 18 0.3 1.4667 0.2 0.2 0.6 1.3 0.5667 0.4 1.4667 0.8 0.4333 1.1333 1.2333 0.8 0.9333 0.2667 0.6 0.0667 0 1.4667 0.4333
 19 1.2 0.8 1.2667 1.3333 0.8667 0.5667 0.9333 1.1667 0.1 1.2 1.1 0.8 0.3667 0.8 0.8333 1.2333 1.1 1.5333 1.4667 0 1.5333
 20 0.4 1.2667 0.4667 0.3 0.7667 1.5 0.6333 0.3667 1.5667 0.5 0.4333 1 1.3667 0.7333 1.2333 0.6 0.9333 0.4333 0.4333 1.5333 0
 [*,*,6]: 0 1 2 3 4 5 6 7 8 9 10 11 12 13 14 15 16 17 18 19 20 :=
 0 0 1.4 0.2 0.16 0.44 1.36 0.36 0.12 1.48 0.68 0.16 1 1.2 0.6 1 0.32 0.68 0.44 0.36 1.44 0.48
 1 1.4 0 1.56 1.52 1.24 1.52 1.12 1.28 1.08 0.96 1.24 0.36 1.2 0.84 1.6 1.6 1.72 1.84 1.76 0.96 1.52
 2 0.2 1.56 0 0.2 0.48 1.32 0.48 0.32 1.52 0.88 0.36 1.2 1.24 0.72 0.92 0.16 0.56 0.32 0.24 1.52 0.56
 3 0.16 1.52 0.2 0 0.6 1.48 0.52 0.24 1.64 0.72 0.28 1.16 1.36 0.76 1.12 0.36 0.76 0.32 0.24 1.6 0.36
 4 0.44 1.24 0.48 0.6 0 0.88 0.2 0.48 1.04 0.88 0.4 0.88 0.76 0.44 0.6 0.44 0.48 0.8 0.72 1.04 0.92
 5 1.36 1.52 1.32 1.48 0.88 0 1.08 1.36 0.6 1.68 1.32 1.36 0.32 1.12 0.48 1.2 0.92 1.64 1.56 0.68 1.8
 6 0.36 1.12 0.48 0.52 0.2 1.08 0 0.32 1.12 0.64 0.24 0.76 0.88 0.28 0.8 0.48 0.68 0.76 0.68 1.12 0.76
 7 0.12 1.28 0.32 0.24 0.48 1.36 0.32 0 1.44 0.52 0.08 0.88 1.2 0.48 1.04 0.48 0.8 0.56 0.48 1.4 0.44
 8 1.48 1.08 1.52 1.64 1.04 0.6 1.12 1.44 0 1.52 1.4 1.04 0.36 1 0.96 1.48 1.32 1.88 1.76 0.12 1.88
 9 0.68 0.96 0.88 0.72 0.88 1.68 0.64 0.52 1.52 0 0.56 0.64 1.4 0.56 1.48 1 1.28 1.04 0.96 1.44 0.6
 10 0.16 1.24 0.36 0.28 0.4 1.32 0.24 0.08 1.4 0.56 0 0.84 1.12 0.44 1 0.44 0.76 0.6 0.52 1.32 0.52
 11 1 0.36 1.2 1.16 0.88 1.36 0.76 0.88 1.04 0.64 0.84 0 1.04 0.48 1.36 1.24 1.4 1.48 1.36 0.96 1.2
 12 1.2 1.2 1.24 1.36 0.76 0.32 0.88 1.2 0.36 1.4 1.12 1.04 0 0.84 0.56 1.16 0.96 1.56 1.48 0.44 1.64
 13 0.6 0.84 0.72 0.76 0.44 1.12 0.28 0.48 1 0.56 0.44 0.48 0.84 0 0.96 0.8 0.92 1.04 0.96 0.96 0.88
 14 1 1.6 0.92 1.12 0.6 0.48 0.8 1.04 0.96 1.48 1 1.36 0.56 0.96 0 0.8 0.44 1.2 1.12 1 1.48
 15 0.32 1.6 0.16 0.36 0.44 1.2 0.48 0.48 1.48 1 0.44 1.24 1.16 0.8 0.8 0 0.4 0.4 0.32 1.48 0.72
 16 0.68 1.72 0.56 0.76 0.48 0.92 0.68 0.8 1.32 1.28 0.76 1.4 0.96 0.92 0.44 0.4 0 0.76 0.72 1.32 1.12
 17 0.44 1.84 0.32 0.32 0.8 1.64 0.76 0.56 1.88 1.04 0.6 1.48 1.56 1.04 1.2 0.4 0.76 0 0.08 1.84 0.52
 18 0.36 1.76 0.24 0.24 0.72 1.56 0.68 0.48 1.76 0.96 0.52 1.36 1.48 0.96 1.12 0.32 0.72 0.08 0 1.76 0.52
 19 1.44 0.96 1.52 1.6 1.04 0.68 1.12 1.4 0.12 1.44 1.32 0.96 0.44 0.96 1 1.48 1.32 1.84 1.76 0 1.84
 20 0.48 1.52 0.56 0.36 0.92 1.8 0.76 0.44 1.88 0.6 0.52 1.2 1.64 0.88 1.48 0.72 1.12 0.52 0.52 1.84 0
 [*,*,7]: 0 1 2 3 4 5 6 7 8 9 10 11 12 13 14 15 16 17 18 19 20 :=
 0 0 1 0.1429 0.1143 0.3143 0.9714 0.2571 0.0857 1.0571 0.4857 0.1143 0.7143 0.8571 0.4286 0.7143 0.2286 0.4857 0.3143 0.2571 1.0286 0.3429
 1 1 0 1.1143 1.0857 0.8857 1.0857 0.8 0.9143 0.7714 0.6857 0.8857 0.2571 0.8571 0.6 1.1429 1.1429 1.2286 1.3143 1.2571 0.6857 1.0857
 2 0.1429 1.1143 0 0.1429 0.3429 0.9429 0.3429 0.2286 1.0857 0.6286 0.2571 0.8571 0.8857 0.5143 0.6571 0.1143 0.4 0.2286 0.1714 1.0857 0.4
 3 0.1143 1.0857 0.1429 0 0.4286 1.0571 0.3714 0.1714 1.1714 0.5143 0.2 0.8286 0.9714 0.5429 0.8 0.2571 0.5429 0.2286 0.1714 1.1429 0.2571
 4 0.3143 0.8857 0.3429 0.4286 0 0.6286 0.1429 0.3429 0.7429 0.6286 0.2857 0.6286 0.5429 0.3143 0.4286 0.3143 0.3429 0.5714 0.5143 0.7429 0.6571
 5 0.9714 1.0857 0.9429 1.0571 0.6286 0 0.7714 0.9714 0.4286 1.2 0.9429 0.9714 0.2286 0.8 0.3429 0.8571 0.6571 1.1714 1.1143 0.4857 1.2857
 6 0.2571 0.8 0.3429 0.3714 0.1429 0.7714 0 0.2286 0.8 0.4571 0.1714 0.5429 0.6286 0.2 0.5714 0.3429 0.4857 0.5429 0.4857 0.8 0.5429
 7 0.0857 0.9143 0.2286 0.1714 0.3429 0.9714 0.2286 0 1.0286 0.3714 0.0571 0.6286 0.8571 0.3429 0.7429 0.3429 0.5714 0.4 0.3429 1 0.3143
 8 1.0571 0.7714 1.0857 1.1714 0.7429 0.4286 0.8 1.0286 0 1.0857 1 0.7429 0.2571 0.7143 0.6857 1.0571 0.9429 1.3429 1.2571 0.0857 1.3429
 9 0.4857 0.6857 0.6286 0.5143 0.6286 1.2 0.4571 0.3714 1.0857 0 0.4 0.4571 1 0.4 1.0571 0.7143 0.9143 0.7429 0.6857 1.0286 0.4286
 10 0.1143 0.8857 0.2571 0.2 0.2857 0.9429 0.1714 0.0571 1 0.4 0 0.6 0.8 0.3143 0.7143 0.3143 0.5429 0.4286 0.3714 0.9429 0.3714
 11 0.7143 0.2571 0.8571 0.8286 0.6286 0.9714 0.5429 0.6286 0.7429 0.4571 0.6 0 0.7429 0.3429 0.9714 0.8857 1 1.0571 0.9714 0.6857 0.8571
 12 0.8571 0.8571 0.8857 0.9714 0.5429 0.2286 0.6286 0.8571 0.2571 1 0.8 0.7429 0 0.6 0.4 0.8286 0.6857 1.1143 1.0571 0.3143 1.1714
 13 0.4286 0.6 0.5143 0.5429 0.3143 0.8 0.2 0.3429 0.7143 0.4 0.3143 0.3429 0.6 0 0.6857 0.5714 0.6571 0.7429 0.6857 0.6857 0.6286
 14 0.7143 1.1429 0.6571 0.8 0.4286 0.3429 0.5714 0.7429 0.6857 1.0571 0.7143 0.9714 0.4 0.6857 0 0.5714 0.3143 0.8571 0.8 0.7143 1.0571
 15 0.2286 1.1429 0.1143 0.2571 0.3143 0.8571 0.3429 0.3429 1.0571 0.7143 0.3143 0.8857 0.8286 0.5714 0.5714 0 0.2857 0.2857 0.2286 1.0571 0.5143
 16 0.4857 1.2286 0.4 0.5429 0.3429 0.6571 0.4857 0.5714 0.9429 0.9143 0.5429 1 0.6857 0.6571 0.3143 0.2857 0 0.5429 0.5143 0.9429 0.8
 17 0.3143 1.3143 0.2286 0.2286 0.5714 1.1714 0.5429 0.4 1.3429 0.7429 0.4286 1.0571 1.1143 0.7429 0.8571 0.2857 0.5429 0 0.0571 1.3143 0.3714
 18 0.2571 1.2571 0.1714 0.1714 0.5143 1.1143 0.4857 0.3429 1.2571 0.6857 0.3714 0.9714 1.0571 0.6857 0.8 0.2286 0.5143 0.0571 0 1.2571 0.3714
 19 1.0286 0.6857 1.0857 1.1429 0.7429 0.4857 0.8 1 0.0857 1.0286 0.9429 0.6857 0.3143 0.6857 0.7143 1.0571 0.9429 1.3143 1.2571 0 1.3143
 20 0.3429 1.0857 0.4 0.2571 0.6571 1.2857 0.5429 0.3143 1.3429 0.4286 0.3714 0.8571 1.1714 0.6286 1.0571 0.5143 0.8 0.3714 0.3714 1.3143 0
 [*,*,8]: 0 1 2 3 4 5 6 7 8 9 10 11 12 13 14 15 16 17 18 19 20 :=
 0 0 0.7778 0.1111 0.0889 0.2444 0.7556 0.2 0.0667 0.8222 0.3778 0.0889 0.5556 0.6667 0.3333 0.5556 0.1778 0.3778 0.2444 0.2 0.8 0.2667
 1 0.7778 0 0.8667 0.8444 0.6889 0.8444 0.6222 0.7111 0.6 0.5333 0.6889 0.2 0.6667 0.4667 0.8889 0.8889 0.9556 1.0222 0.9778 0.5333 0.8444
 2 0.1111 0.8667 0 0.1111 0.2667 0.7333 0.2667 0.1778 0.8444 0.4889 0.2 0.6667 0.6889 0.4 0.5111 0.0889 0.3111 0.1778 0.1333 0.8444 0.3111
 3 0.0889 0.8444 0.1111 0 0.3333 0.8222 0.2889 0.1333 0.9111 0.4 0.1556 0.6444 0.7556 0.4222 0.6222 0.2 0.4222 0.1778 0.1333 0.8889 0.2
 4 0.2444 0.6889 0.2667 0.3333 0 0.4889 0.1111 0.2667 0.5778 0.4889 0.2222 0.4889 0.4222 0.2444 0.3333 0.2444 0.2667 0.4444 0.4 0.5778 0.5111
 5 0.7556 0.8444 0.7333 0.8222 0.4889 0 0.6 0.7556 0.3333 0.9333 0.7333 0.7556 0.1778 0.6222 0.2667 0.6667 0.5111 0.9111 0.8667 0.3778 1
 6 0.2 0.6222 0.2667 0.2889 0.1111 0.6 0 0.1778 0.6222 0.3556 0.1333 0.4222 0.4889 0.1556 0.4444 0.2667 0.3778 0.4222 0.3778 0.6222 0.4222
 7 0.0667 0.7111 0.1778 0.1333 0.2667 0.7556 0.1778 0 0.8 0.2889 0.0444 0.4889 0.6667 0.2667 0.5778 0.2667 0.4444 0.3111 0.2667 0.7778 0.2444
 8 0.8222 0.6 0.8444 0.9111 0.5778 0.3333 0.6222 0.8 0 0.8444 0.7778 0.5778 0.2 0.5556 0.5333 0.8222 0.7333 1.0444 0.9778 0.0667 1.0444
 9 0.3778 0.5333 0.4889 0.4 0.4889 0.9333 0.3556 0.2889 0.8444 0 0.3111 0.3556 0.7778 0.3111 0.8222 0.5556 0.7111 0.5778 0.5333 0.8 0.3333
 10 0.0889 0.6889 0.2 0.1556 0.2222 0.7333 0.1333 0.0444 0.7778 0.3111 0 0.4667 0.6222 0.2444 0.5556 0.2444 0.4222 0.3333 0.2889 0.7333 0.2889
 11 0.5556 0.2 0.6667 0.6444 0.4889 0.7556 0.4222 0.4889 0.5778 0.3556 0.4667 0 0.5778 0.2667 0.7556 0.6889 0.7778 0.8222 0.7556 0.5333 0.6667
 12 0.6667 0.6667 0.6889 0.7556 0.4222 0.1778 0.4889 0.6667 0.2 0.7778 0.6222 0.5778 0 0.4667 0.3111 0.6444 0.5333 0.8667 0.8222 0.2444 0.9111
 13 0.3333 0.4667 0.4 0.4222 0.2444 0.6222 0.1556 0.2667 0.5556 0.3111 0.2444 0.2667 0.4667 0 0.5333 0.4444 0.5111 0.5778 0.5333 0.5333 0.4889
 14 0.5556 0.8889 0.5111 0.6222 0.3333 0.2667 0.4444 0.5778 0.5333 0.8222 0.5556 0.7556 0.3111 0.5333 0 0.4444 0.2444 0.6667 0.6222 0.5556 0.8222
 15 0.1778 0.8889 0.0889 0.2 0.2444 0.6667 0.2667 0.2667 0.8222 0.5556 0.2444 0.6889 0.6444 0.4444 0.4444 0 0.2222 0.2222 0.1778 0.8222 0.4
 16 0.3778 0.9556 0.3111 0.4222 0.2667 0.5111 0.3778 0.4444 0.7333 0.7111 0.4222 0.7778 0.5333 0.5111 0.2444 0.2222 0 0.4222 0.4 0.7333 0.6222
 17 0.2444 1.0222 0.1778 0.1778 0.4444 0.9111 0.4222 0.3111 1.0444 0.5778 0.3333 0.8222 0.8667 0.5778 0.6667 0.2222 0.4222 0 0.0444 1.0222 0.2889
 18 0.2 0.9778 0.1333 0.1333 0.4 0.8667 0.3778 0.2667 0.9778 0.5333 0.2889 0.7556 0.8222 0.5333 0.6222 0.1778 0.4 0.0444 0 0.9778 0.2889
 19 0.8 0.5333 0.8444 0.8889 0.5778 0.3778 0.6222 0.7778 0.0667 0.8 0.7333 0.5333 0.2444 0.5333 0.5556 0.8222 0.7333 1.0222 0.9778 0 1.0222
 20 0.2667 0.8444 0.3111 0.2 0.5111 1 0.4222 0.2444 1.0444 0.3333 0.2889 0.6667 0.9111 0.4889 0.8222 0.4 0.6222 0.2889 0.2889 1.0222 0
 [*,*,9]: 0 1 2 3 4 5 6 7 8 9 10 11 12 13 14 15 16 17 18 19 20 :=
 0 0 1.1667 0.1667 0.1333 0.3667 1.1333 0.3 0.1 1.2333 0.5667 0.1333 0.8333 1 0.5 0.8333 0.2667 0.5667 0.3667 0.3 1.2 0.4
 1 1.1667 0 1.3 1.2667 1.0333 1.2667 0.9333 1.0667 0.9 0.8 1.0333 0.3 1 0.7 1.3333 1.3333 1.4333 1.5333 1.4667 0.8 1.2667
 2 0.1667 1.3 0 0.1667 0.4 1.1 0.4 0.2667 1.2667 0.7333 0.3 1 1.0333 0.6 0.7667 0.1333 0.4667 0.2667 0.2 1.2667 0.4667
 3 0.1333 1.2667 0.1667 0 0.5 1.2333 0.4333 0.2 1.3667 0.6 0.2333 0.9667 1.1333 0.6333 0.9333 0.3 0.6333 0.2667 0.2 1.3333 0.3
 4 0.3667 1.0333 0.4 0.5 0 0.7333 0.1667 0.4 0.8667 0.7333 0.3333 0.7333 0.6333 0.3667 0.5 0.3667 0.4 0.6667 0.6 0.8667 0.7667
 5 1.1333 1.2667 1.1 1.2333 0.7333 0 0.9 1.1333 0.5 1.4 1.1 1.1333 0.2667 0.9333 0.4 1 0.7667 1.3667 1.3 0.5667 1.5
 6 0.3 0.9333 0.4 0.4333 0.1667 0.9 0 0.2667 0.9333 0.5333 0.2 0.6333 0.7333 0.2333 0.6667 0.4 0.5667 0.6333 0.5667 0.9333 0.6333
 7 0.1 1.0667 0.2667 0.2 0.4 1.1333 0.2667 0 1.2 0.4333 0.0667 0.7333 1 0.4 0.8667 0.4 0.6667 0.4667 0.4 1.1667 0.3667
 8 1.2333 0.9 1.2667 1.3667 0.8667 0.5 0.9333 1.2 0 1.2667 1.1667 0.8667 0.3 0.8333 0.8 1.2333 1.1 1.5667 1.4667 0.1 1.5667
 9 0.5667 0.8 0.7333 0.6 0.7333 1.4 0.5333 0.4333 1.2667 0 0.4667 0.5333 1.1667 0.4667 1.2333 0.8333 1.0667 0.8667 0.8 1.2 0.5
 10 0.1333 1.0333 0.3 0.2333 0.3333 1.1 0.2 0.0667 1.1667 0.4667 0 0.7 0.9333 0.3667 0.8333 0.3667 0.6333 0.5 0.4333 1.1 0.4333
 11 0.8333 0.3 1 0.9667 0.7333 1.1333 0.6333 0.7333 0.8667 0.5333 0.7 0 0.8667 0.4 1.1333 1.0333 1.1667 1.2333 1.1333 0.8 1
 12 1 1 1.0333 1.1333 0.6333 0.2667 0.7333 1 0.3 1.1667 0.9333 0.8667 0 0.7 0.4667 0.9667 0.8 1.3 1.2333 0.3667 1.3667
 13 0.5 0.7 0.6 0.6333 0.3667 0.9333 0.2333 0.4 0.8333 0.4667 0.3667 0.4 0.7 0 0.8 0.6667 0.7667 0.8667 0.8 0.8 0.7333
 14 0.8333 1.3333 0.7667 0.9333 0.5 0.4 0.6667 0.8667 0.8 1.2333 0.8333 1.1333 0.4667 0.8 0 0.6667 0.3667 1 0.9333 0.8333 1.2333
 15 0.2667 1.3333 0.1333 0.3 0.3667 1 0.4 0.4 1.2333 0.8333 0.3667 1.0333 0.9667 0.6667 0.6667 0 0.3333 0.3333 0.2667 1.2333 0.6
 16 0.5667 1.4333 0.4667 0.6333 0.4 0.7667 0.5667 0.6667 1.1 1.0667 0.6333 1.1667 0.8 0.7667 0.3667 0.3333 0 0.6333 0.6 1.1 0.9333
 17 0.3667 1.5333 0.2667 0.2667 0.6667 1.3667 0.6333 0.4667 1.5667 0.8667 0.5 1.2333 1.3 0.8667 1 0.3333 0.6333 0 0.0667 1.5333 0.4333
 18 0.3 1.4667 0.2 0.2 0.6 1.3 0.5667 0.4 1.4667 0.8 0.4333 1.1333 1.2333 0.8 0.9333 0.2667 0.6 0.0667 0 1.4667 0.4333
 19 1.2 0.8 1.2667 1.3333 0.8667 0.5667 0.9333 1.1667 0.1 1.2 1.1 0.8 0.3667 0.8 0.8333 1.2333 1.1 1.5333 1.4667 0 1.5333
 20 0.4 1.2667 0.4667 0.3 0.7667 1.5 0.6333 0.3667 1.5667 0.5 0.4333 1 1.3667 0.7333 1.2333 0.6 0.9333 0.4333 0.4333 1.5333 0
 [*,*,10]: 0 1 2 3 4 5 6 7 8 9 10 11 12 13 14 15 16 17 18 19 20 :=
 0 0 1.75 0.25 0.2 0.55 1.7 0.45 0.15 1.85 0.85 0.2 1.25 1.5 0.75 1.25 0.4 0.85 0.55 0.45 1.8 0.6
 1 1.75 0 1.95 1.9 1.55 1.9 1.4 1.6 1.35 1.2 1.55 0.45 1.5 1.05 2 2 2.15 2.3 2.2 1.2 1.9
 2 0.25 1.95 0 0.25 0.6 1.65 0.6 0.4 1.9 1.1 0.45 1.5 1.55 0.9 1.15 0.2 0.7 0.4 0.3 1.9 0.7
 3 0.2 1.9 0.25 0 0.75 1.85 0.65 0.3 2.05 0.9 0.35 1.45 1.7 0.95 1.4 0.45 0.95 0.4 0.3 2 0.45
 4 0.55 1.55 0.6 0.75 0 1.1 0.25 0.6 1.3 1.1 0.5 1.1 0.95 0.55 0.75 0.55 0.6 1 0.9 1.3 1.15
 5 1.7 1.9 1.65 1.85 1.1 0 1.35 1.7 0.75 2.1 1.65 1.7 0.4 1.4 0.6 1.5 1.15 2.05 1.95 0.85 2.25
 6 0.45 1.4 0.6 0.65 0.25 1.35 0 0.4 1.4 0.8 0.3 0.95 1.1 0.35 1 0.6 0.85 0.95 0.85 1.4 0.95
 7 0.15 1.6 0.4 0.3 0.6 1.7 0.4 0 1.8 0.65 0.1 1.1 1.5 0.6 1.3 0.6 1 0.7 0.6 1.75 0.55
 8 1.85 1.35 1.9 2.05 1.3 0.75 1.4 1.8 0 1.9 1.75 1.3 0.45 1.25 1.2 1.85 1.65 2.35 2.2 0.15 2.35
 9 0.85 1.2 1.1 0.9 1.1 2.1 0.8 0.65 1.9 0 0.7 0.8 1.75 0.7 1.85 1.25 1.6 1.3 1.2 1.8 0.75
 10 0.2 1.55 0.45 0.35 0.5 1.65 0.3 0.1 1.75 0.7 0 1.05 1.4 0.55 1.25 0.55 0.95 0.75 0.65 1.65 0.65
 11 1.25 0.45 1.5 1.45 1.1 1.7 0.95 1.1 1.3 0.8 1.05 0 1.3 0.6 1.7 1.55 1.75 1.85 1.7 1.2 1.5
 12 1.5 1.5 1.55 1.7 0.95 0.4 1.1 1.5 0.45 1.75 1.4 1.3 0 1.05 0.7 1.45 1.2 1.95 1.85 0.55 2.05
 13 0.75 1.05 0.9 0.95 0.55 1.4 0.35 0.6 1.25 0.7 0.55 0.6 1.05 0 1.2 1 1.15 1.3 1.2 1.2 1.1
 14 1.25 2 1.15 1.4 0.75 0.6 1 1.3 1.2 1.85 1.25 1.7 0.7 1.2 0 1 0.55 1.5 1.4 1.25 1.85
 15 0.4 2 0.2 0.45 0.55 1.5 0.6 0.6 1.85 1.25 0.55 1.55 1.45 1 1 0 0.5 0.5 0.4 1.85 0.9
 16 0.85 2.15 0.7 0.95 0.6 1.15 0.85 1 1.65 1.6 0.95 1.75 1.2 1.15 0.55 0.5 0 0.95 0.9 1.65 1.4
 17 0.55 2.3 0.4 0.4 1 2.05 0.95 0.7 2.35 1.3 0.75 1.85 1.95 1.3 1.5 0.5 0.95 0 0.1 2.3 0.65
 18 0.45 2.2 0.3 0.3 0.9 1.95 0.85 0.6 2.2 1.2 0.65 1.7 1.85 1.2 1.4 0.4 0.9 0.1 0 2.2 0.65
 19 1.8 1.2 1.9 2 1.3 0.85 1.4 1.75 0.15 1.8 1.65 1.2 0.55 1.2 1.25 1.85 1.65 2.3 2.2 0 2.3
 20 0.6 1.9 0.7 0.45 1.15 2.25 0.95 0.55 2.35 0.75 0.65 1.5 2.05 1.1 1.85 0.9 1.4 0.65 0.65 2.3 0
 ;

param nmuelles := 2;
param durH := 0.166;
param Lc := 3;
param tcarga := 0.5;
param M := 9999;
param pw := 10000;