#Conjuntos
#set R := 1..3; #camiones
#set C := 0..10; #clientes 
#set H:= 1..108;  #intervalos de tiempo del día
#set F:= 1..4; #franjas horarias
 
set R := 1..3;
set C := 0 ..10;  
set F := 1..6;
set H := 1..20;

# Variables:
# (omitted - only parameters/data necessary for AMPL dat)

#Parámetros
param depo:=0;
param escliente := 0 0 1 1 2 1 3 1 4 1 5 1 6 1 7 1 8 1 9 1 10 1;
param esdepo := 0 1 1 0 2 0 3 0 4 0 5 0 6 0 7 0 8 0 9 0 10 0;
param escritico := 0 0 1 0 2 1 3 1 4 1 5 0 6 0 7 0 8 1 9 0 10 1;

param esHora := 1 1 2 1 3 1;
param esF6 := 1 0 2 0 3 0;
param esF12 := 1 0 2 0 3 0;

param Cap := 1 92 2 125 3 121;
param CH := 1 149 2 133 3 108;
param CF6 := 1 364 2 400 3 321;
param CF12 := 1 557 2 572 3 351;

param pcmin_c := 10;
param pcmax_c := 15;
param pcmin_nc := 5;
param pcmax_nc := 8;
param preg := 20;
param pant := 0;

param DemE := 0 0 1 10 2 18 3 15 4 13 5 9 6 11 7 15 8 8 9 7 10 17;
param DemR := 0 0 1 0 2 2 3 6 4 2 5 4 6 2 7 6 8 0 9 5 10 3;

param TS := 0 0 1 0.23 2 0.34 3 0.19 4 0.24 5 0.31 6 0.25 7 0.32 8 0.24 9 0.28 10 0.11;

param MinDC := 0 0 1 7 2 8 3 12 4 12 5 9 6 9 7 12 8 7 9 8 10 11;
param MaxDC := 0 24 1 15 2 10 3 15 4 14 5 13 6 16 7 16 8 11 9 11 10 15;

param Dist : 0 1 2 3 4 5 6 7 8 9 10 :=
 0 0 32 23 24 11 30 32 9 34 12 24
 1 32 0 30 27 43 17 45 38 33 42 39
 2 23 30 0 4 30 16 15 31 11 25 9
 3 24 27 4 0 31 12 19 32 11 27 13
 4 11 43 30 31 0 40 33 8 41 6 26
 5 30 17 16 12 40 0 31 39 16 37 26
 6 32 45 15 19 33 31 0 38 18 27 8
 7 9 38 31 32 8 39 38 0 43 13 30
 8 34 33 11 11 41 16 18 43 0 36 17
 9 12 42 25 27 6 37 27 13 36 0 20
 10 24 39 9 13 26 26 8 30 17 20 0
 ;

param v := 1 25 2 40 3 50 4 40 5 30 6 20;
param tinic := 1 0 2 4 3 8 4 12 5 16 6 20;
param tfin := 1 4 2 8 3 12 4 16 5 20 6 24;

param tvia :=
 [*,*,1]: 0 1 2 3 4 5 6 7 8 9 10 :=
 0 0 1.28 0.92 0.96 0.44 1.2 1.28 0.36 1.36 0.48 0.96
 1 1.28 0 1.2 1.08 1.72 0.68 1.8 1.52 1.32 1.68 1.56
 2 0.92 1.2 0 0.16 1.2 0.64 0.6 1.24 0.44 1 0.36
 3 0.96 1.08 0.16 0 1.24 0.48 0.76 1.28 0.44 1.08 0.52
 4 0.44 1.72 1.2 1.24 0 1.6 1.32 0.32 1.64 0.24 1.04
 5 1.2 0.68 0.64 0.48 1.6 0 1.24 1.56 0.64 1.48 1.04
 6 1.28 1.8 0.6 0.76 1.32 1.24 0 1.52 0.72 1.08 0.32
 7 0.36 1.52 1.24 1.28 0.32 1.56 1.52 0 1.72 0.52 1.2
 8 1.36 1.32 0.44 0.44 1.64 0.64 0.72 1.72 0 1.44 0.68
 9 0.48 1.68 1 1.08 0.24 1.48 1.08 0.52 1.44 0 0.8
 10 0.96 1.56 0.36 0.52 1.04 1.04 0.32 1.2 0.68 0.8 0
 [*,*,2]: 0 1 2 3 4 5 6 7 8 9 10 :=
 0 0 0.8 0.575 0.6 0.275 0.75 0.8 0.225 0.85 0.3 0.6
 1 0.8 0 0.75 0.675 1.075 0.425 1.125 0.95 0.825 1.05 0.975
 2 0.575 0.75 0 0.1 0.75 0.4 0.375 0.775 0.275 0.625 0.225
 3 0.6 0.675 0.1 0 0.775 0.3 0.475 0.8 0.275 0.675 0.325
 4 0.275 1.075 0.75 0.775 0 1 0.825 0.2 1.025 0.15 0.65
 5 0.75 0.425 0.4 0.3 1 0 0.775 0.975 0.4 0.925 0.65
 6 0.8 1.125 0.375 0.475 0.825 0.775 0 0.95 0.45 0.675 0.2
 7 0.225 0.95 0.775 0.8 0.2 0.975 0.95 0 1.075 0.325 0.75
 8 0.85 0.825 0.275 0.275 1.025 0.4 0.45 1.075 0 0.9 0.425
 9 0.3 1.05 0.625 0.675 0.15 0.925 0.675 0.325 0.9 0 0.5
 10 0.6 0.975 0.225 0.325 0.65 0.65 0.2 0.75 0.425 0.5 0
 [*,*,3]: 0 1 2 3 4 5 6 7 8 9 10 :=
 0 0 0.64 0.46 0.48 0.22 0.6 0.64 0.18 0.68 0.24 0.48
 1 0.64 0 0.6 0.54 0.86 0.34 0.9 0.76 0.66 0.84 0.78
 2 0.46 0.6 0 0.08 0.6 0.32 0.3 0.62 0.22 0.5 0.18
 3 0.48 0.54 0.08 0 0.62 0.24 0.38 0.64 0.22 0.54 0.26
 4 0.22 0.86 0.6 0.62 0 0.8 0.66 0.16 0.82 0.12 0.52
 5 0.6 0.34 0.32 0.24 0.8 0 0.62 0.78 0.32 0.74 0.52
 6 0.64 0.9 0.3 0.38 0.66 0.62 0 0.76 0.36 0.54 0.16
 7 0.18 0.76 0.62 0.64 0.16 0.78 0.76 0 0.86 0.26 0.6
 8 0.68 0.66 0.22 0.22 0.82 0.32 0.36 0.86 0 0.72 0.34
 9 0.24 0.84 0.5 0.54 0.12 0.74 0.54 0.26 0.72 0 0.4
 10 0.48 0.78 0.18 0.26 0.52 0.52 0.16 0.6 0.34 0.4 0
 [*,*,4]: 0 1 2 3 4 5 6 7 8 9 10 :=
 0 0 0.8 0.575 0.6 0.275 0.75 0.8 0.225 0.85 0.3 0.6
 1 0.8 0 0.75 0.675 1.075 0.425 1.125 0.95 0.825 1.05 0.975
 2 0.575 0.75 0 0.1 0.75 0.4 0.375 0.775 0.275 0.625 0.225
 3 0.6 0.675 0.1 0 0.775 0.3 0.475 0.8 0.275 0.675 0.325
 4 0.275 1.075 0.75 0.775 0 1 0.825 0.2 1.025 0.15 0.65
 5 0.75 0.425 0.4 0.3 1 0 0.775 0.975 0.4 0.925 0.65
 6 0.8 1.125 0.375 0.475 0.825 0.775 0 0.95 0.45 0.675 0.2
 7 0.225 0.95 0.775 0.8 0.2 0.975 0.95 0 1.075 0.325 0.75
 8 0.85 0.825 0.275 0.275 1.025 0.4 0.45 1.075 0 0.9 0.425
 9 0.3 1.05 0.625 0.675 0.15 0.925 0.675 0.325 0.9 0 0.5
 10 0.6 0.975 0.225 0.325 0.65 0.65 0.2 0.75 0.425 0.5 0
 [*,*,5]: 0 1 2 3 4 5 6 7 8 9 10 :=
 0 0 1.0667 0.7667 0.8 0.3667 1 1.0667 0.3 1.1333 0.4 0.8
 1 1.0667 0 1 0.9 1.4333 0.5667 1.5 1.2667 1.1 1.4 1.3
 2 0.7667 1 0 0.1333 1 0.5333 0.5 1.0333 0.3667 0.8333 0.3
 3 0.8 0.9 0.1333 0 1.0333 0.4 0.6333 1.0667 0.3667 0.9 0.4333
 4 0.3667 1.4333 1 1.0333 0 1.3333 1.1 0.2667 1.3667 0.2 0.8667
 5 1 0.5667 0.5333 0.4 1.3333 0 1.0333 1.3 0.5333 1.2333 0.8667
 6 1.0667 1.5 0.5 0.6333 1.1 1.0333 0 1.2667 0.6 0.9 0.2667
 7 0.3 1.2667 1.0333 1.0667 0.2667 1.3 1.2667 0 1.4333 0.4333 1
 8 1.1333 1.1 0.3667 0.3667 1.3667 0.5333 0.6 1.4333 0 1.2 0.5667
 9 0.4 1.4 0.8333 0.9 0.2 1.2333 0.9 0.4333 1.2 0 0.6667
 10 0.8 1.3 0.3 0.4333 0.8667 0.8667 0.2667 1 0.5667 0.6667 0
 [*,*,6]: 0 1 2 3 4 5 6 7 8 9 10 :=
 0 0 1.6 1.15 1.2 0.55 1.5 1.6 0.45 1.7 0.6 1.2
 1 1.6 0 1.5 1.35 2.15 0.85 2.25 1.9 1.65 2.1 1.95
 2 1.15 1.5 0 0.2 1.5 0.8 0.75 1.55 0.55 1.25 0.45
 3 1.2 1.35 0.2 0 1.55 0.6 0.95 1.6 0.55 1.35 0.65
 4 0.55 2.15 1.5 1.55 0 2 1.65 0.4 2.05 0.3 1.3
 5 1.5 0.85 0.8 0.6 2 0 1.55 1.95 0.8 1.85 1.3
 6 1.6 2.25 0.75 0.95 1.65 1.55 0 1.9 0.9 1.35 0.4
 7 0.45 1.9 1.55 1.6 0.4 1.95 1.9 0 2.15 0.65 1.5
 8 1.7 1.65 0.55 0.55 2.05 0.8 0.9 2.15 0 1.8 0.85
 9 0.6 2.1 1.25 1.35 0.3 1.85 1.35 0.65 1.8 0 1
 10 1.2 1.95 0.45 0.65 1.3 1.3 0.4 1.5 0.85 1 0
 ;

param nmuelles := 2;
param durH := 0.166;
param Lc := 3;
param tcarga := 0.5;
param M := 9999;
param pw := 10000;
